以带固定花费的运输问题为例，实现了benders decomposition

	benders decomposition为讲义
	带固定花费的运输为建模方法
	single 为直接求解MIP模型
	bender_next 为实现的benders decomposition

使用gurobi求解MIP或IP



数据输入格式如下

sources demands
8	7
supply
20 20 20 18 18 17 17 10
demand
20 19 19 18 17 16 16
variable cost
31    27    28    10     7    26    30
15    19    17     7    22    17    16
21    17    19    29    27    22    13 
9     19     7    15    20    17    22
19     7    18    10    12    27    23
8     16    10    10    11    13    15
14    32    22    10    22    15    19 
30    27    24    26    25    15    19
fixed cost
649   685   538   791   613   205   467
798   211   701   506   431   907   945
687   261   444   264   443   946   372
335   385   967   263   423   592   939
819   340   233   889   211   854   823
307   620   845   919   223   854   656 
560   959   782   417   358   589   383
375   791   720   416   251   887   235 


reference 略


改完辣鸡毕设继续尝试其他的问题。